/home/mateusz/anaconda3/envs/untitled/bin/python /home/mateusz/PycharmProjects/neural-network/app/app.py
Inputs matrix size: (208, 60)
Target matrix size: (208,)

init I2H weights:

[[0.12048974 0.03533613 0.03882756 ... 0.04416293 0.07705233 0.05862064]
 [0.0477695  0.08722098 0.00627058 ... 0.03680114 0.04871213 0.05708223]
 [0.01441956 0.11981097 0.05429376 ... 0.06999265 0.09827866 0.0862908 ]
 ...
 [0.00595885 0.02990983 0.10745881 ... 0.05853639 0.05082354 0.01995098]
 [0.11213535 0.06226726 0.00905802 ... 0.09687143 0.10483644 0.11954428]
 [0.12476597 0.05726969 0.00568961 ... 0.028224   0.02324177 0.12450805]]

init H2O weights:

[0.04804801 0.06203558 0.07658475 0.0002696  0.09434217 0.06122423
 0.00772055 0.00791676 0.09588209 0.08119287 0.0344555  0.0145505
 0.05546745 0.0633899  0.03222966 0.00602689 0.11192898 0.03731771
 0.07438223 0.09719341 0.03332427 0.05242909 0.07262072 0.03159016
 0.11530252 0.03389619 0.12053953 0.12440115 0.01686685 0.05229552
 0.05787042 0.12231314 0.09850953 0.10459661 0.01795175 0.0721705
 0.03984677 0.07188479 0.04254661 0.06389356 0.11152879 0.0467453
 0.01647696 0.09324737 0.03392025 0.09966299 0.08184745 0.07849695
 0.10274094 0.07439462 0.07487972 0.04110851 0.03239875 0.0760042
 0.00791984 0.01561907 0.10521242 0.00505636 0.08798658 0.05320777]

I2H weights:

[[ 0.10627466  0.02678042  0.02493977 ...  0.03615002  0.0677039
   0.05288467]
 [ 0.026224    0.10161926  0.00474098 ...  0.01310872  0.01860819
   0.04099457]
 [ 0.00434197  0.10173172  0.03718188 ...  0.069554    0.09843158
   0.08505864]
 ...
 [-0.00909071  0.02892956  0.09818926 ...  0.04651748  0.03601649
   0.0116629 ]
 [ 0.0497191   0.17632226  0.0435998  ...  0.00859301 -0.00432878
   0.06597884]
 [ 0.06902995  0.17636077  0.04162605 ... -0.05651669 -0.08636366
   0.07141824]]

H2O weights:

[ 0.16265872  0.63917528 -0.00932041 -1.06835237 -0.18881375  0.2788179
 -0.38958942 -1.51479589  0.53396713  0.99846977 -1.67879322 -0.78893435
  1.03031165 -0.2936337  -0.56748081 -0.22241136  0.4742378   0.72446172
  0.84661398  1.55978435 -0.95742634  0.49340562  0.71780897 -1.13533906
  0.31049696 -0.63214433  1.89145086  2.92947523 -1.250494    0.30137841
 -0.12990096  0.99231494  1.66504588  1.18677547 -0.14804068  0.8861621
 -0.97183393  0.68997262 -0.90677927  0.34445475  0.21651592  0.51298558
 -1.0031515   0.92410843 -0.45370612  1.29467044  0.37262224  0.87067621
  1.17225961  0.16291339  0.11919752 -1.03397022 -1.54235723  0.07427909
 -0.96726867 -0.90704511  0.96797998  0.28015388  2.04490807  2.18058983]

Algorithm ended in 18463 iterations


final error: 0.13732


output:

[4.57350025e-01 2.75695208e-03 5.05278746e-01 3.37174893e-05
 2.24340386e-01 5.43951961e-01 9.63429239e-01 2.48043739e-01
 1.02455712e-02 7.17799077e-01 2.69798226e-03 9.45282308e-01
 4.08121862e-01 6.61336722e-01 6.76894071e-02 9.87138580e-03
 9.26134726e-01 9.66360706e-01 1.25498023e-01 8.75022332e-04
 5.73044789e-01 5.81149873e-02 6.49223006e-03 5.44078925e-02
 9.96028720e-01 7.26164219e-04 6.35346730e-02 8.05985265e-02
 5.74340717e-02 9.14806158e-02 7.29897639e-01 9.42562397e-01
 1.47375434e-01 1.38295627e-02 1.14619342e-01 4.15869917e-03
 9.61779666e-02 8.29873180e-01 9.98010490e-01 6.94734537e-03
 9.93286917e-01 4.98937216e-04 7.33297867e-01 8.11738120e-01
 9.83087404e-01 3.27919821e-02 6.74728461e-02 9.79247487e-01
 1.81133911e-01 4.34155688e-02 9.19373572e-02 8.87698408e-01
 6.74322731e-01 8.20349081e-01 8.68136282e-02 8.77229932e-02
 9.29315569e-01 3.73661147e-01 5.93959200e-01 1.81103893e-03
 2.32961097e-04 9.99861451e-01 4.49340402e-01 1.19804416e-01
 1.68977631e-02 5.89886907e-02 7.24444336e-02 8.60615348e-01
 9.77482647e-01 9.16142716e-01 8.01130868e-04 3.19850212e-01
 8.29860802e-01 3.47187718e-04 9.99116523e-01 9.98799447e-01
 7.44737158e-01 7.09122228e-02 1.47413246e-01 9.52692592e-01
 7.67821655e-03 5.35516143e-02 5.83737610e-01 4.13816128e-01
 9.40397630e-02 1.10021167e-02 8.04631396e-02 9.99515667e-01
 2.92684446e-02 4.90941391e-01 1.22195923e-01 1.47250016e-01
 4.13882699e-04 7.04629607e-02 1.57589179e-02 5.06962238e-02
 1.85861779e-03 1.50638038e-01 9.78337562e-01 8.75689048e-01
 9.99564881e-01 9.98456565e-01 9.88468251e-01 9.21924839e-02]

desired output:

[0. 0. 1. 0. 0. 1. 1. 0. 0. 1. 0. 1. 0. 1. 0. 0. 1. 1. 0. 0. 1. 1. 0. 0.
 1. 0. 0. 1. 0. 1. 1. 1. 0. 0. 0. 0. 0. 0. 1. 0. 1. 1. 1. 1. 1. 0. 0. 1.
 1. 1. 0. 0. 1. 1. 0. 0. 1. 1. 1. 0. 0. 1. 1. 0. 0. 1. 0. 1. 1. 1. 0. 0.
 1. 0. 1. 1. 0. 1. 0. 1. 0. 0. 0. 0. 0. 0. 1. 1. 0. 1. 0. 0. 0. 0. 0. 0.
 0. 0. 1. 1. 1. 1. 1. 1.]

roznica:

[-4.57350025e-01 -2.75695208e-03  4.94721254e-01 -3.37174893e-05
 -2.24340386e-01  4.56048039e-01  3.65707606e-02 -2.48043739e-01
 -1.02455712e-02  2.82200923e-01 -2.69798226e-03  5.47176924e-02
 -4.08121862e-01  3.38663278e-01 -6.76894071e-02 -9.87138580e-03
  7.38652735e-02  3.36392939e-02 -1.25498023e-01 -8.75022332e-04
  4.26955211e-01  9.41885013e-01 -6.49223006e-03 -5.44078925e-02
  3.97128043e-03 -7.26164219e-04 -6.35346730e-02  9.19401474e-01
 -5.74340717e-02  9.08519384e-01  2.70102361e-01  5.74376029e-02
 -1.47375434e-01 -1.38295627e-02 -1.14619342e-01 -4.15869917e-03
 -9.61779666e-02 -8.29873180e-01  1.98950974e-03 -6.94734537e-03
  6.71308301e-03  9.99501063e-01  2.66702133e-01  1.88261880e-01
  1.69125956e-02 -3.27919821e-02 -6.74728461e-02  2.07525130e-02
  8.18866089e-01  9.56584431e-01 -9.19373572e-02 -8.87698408e-01
  3.25677269e-01  1.79650919e-01 -8.68136282e-02 -8.77229932e-02
  7.06844314e-02  6.26338853e-01  4.06040800e-01 -1.81103893e-03
 -2.32961097e-04  1.38548728e-04  5.50659598e-01 -1.19804416e-01
 -1.68977631e-02  9.41011309e-01 -7.24444336e-02  1.39384652e-01
  2.25173525e-02  8.38572838e-02 -8.01130868e-04 -3.19850212e-01
  1.70139198e-01 -3.47187718e-04  8.83476577e-04  1.20055335e-03
 -7.44737158e-01  9.29087777e-01 -1.47413246e-01  4.73074081e-02
 -7.67821655e-03 -5.35516143e-02 -5.83737610e-01 -4.13816128e-01
 -9.40397630e-02 -1.10021167e-02  9.19536860e-01  4.84333174e-04
 -2.92684446e-02  5.09058609e-01 -1.22195923e-01 -1.47250016e-01
 -4.13882699e-04 -7.04629607e-02 -1.57589179e-02 -5.06962238e-02
 -1.85861779e-03 -1.50638038e-01  2.16624376e-02  1.24310952e-01
  4.35118663e-04  1.54343499e-03  1.15317486e-02  9.07807516e-01]

Process finished with exit code 0

